30001191375777
9442785475403
9715617378242
46132487710565
45861478243023
92954175453633
28141605691052
38164568482898
72507267026230
61881190864369
5500383349135
56581148109398
67647887626662
84945434075780
79576100758276
24457617709413
7118315482512
29353348794393
29519674531184
47019311785697
81347714131698
13218039018101
56254744320176
86612506560049
65785952098667
18634999939240
34386227373033
67926273052580
2147428574971
58840931905433
74462439119815
78011855855584
25737797282636
68032814376056
93323889188468
9739359561353
64436969533562
28257688647136
5039698770269
91869658534415
20264924829825
27015453856438
10398080945014
98107212409377
4949751892127
1136802090331
45875397208146
31352201453410
75633184099569
31137019186280
22219730890356
83181356918066
97605615016072
31029200763441
85960110463202
59944621007889
56800517113879
76978183188475
81704404368065
53020877880044
11405037250369
65906441328115
49165812530554
35950146848335
28002312034368
91940385708585
30169806582853
86600407981313
14539969596080
66605097032152
36524466564878
58466516598127
4072951106354
43770650587975
61449185875244
9182754904031
71508101862855
21138046495616
63095056056044
94938979996368
59132287860848
46784941153600
2689023781567
37249629083089
98715443257242
16597425774671
13614853075705
1565619325265
41418606415390
73077143193222
90801603556610
35507883527316
46746789361350
61776209040544
4725287528708
27147642290219
31837975466623
64891637139953
92166685429401
97343066241592
95937578077428
38613603659905
51570257102139
25068537960760
71500481781549
14036838593892
5442087957635
69763457030057
27204519789665
91004061116836
33485761517658
81729743909090
49743001908063
21723941341042
54479085281491
99035923671908
76703317509964
32827797462232
95288888784125
91525905556045
30068144481629
53216140950098
35662699840031
31477430509403
14904810744337
15122068673372
4652677476406
3673205152153
16613638843409
14731033076532
11473356815986
37824021442793
57060841866768
80523439915850
31647650361992
1448182738386
85564098251052
53479326516389
74782899208366
52735604718327
88499824400059
34404920320957
66228212392888
17849538451991
16904633119702
58161362749524
63944831932894
5457266396842
27655694307759
33223577425815
65887370356358
43985882657580
61301324167288
9210439887829
66380424844101
29360582795925
87866451684385
63665541657246
69439115142449
34785698819905
10600777692161
31952123274095
21164087974466
67887998162768
36254689097404
60904091200791
8841454982757
97820457210764
99891467974521
88981272536329
95650508673861
87422712333500
96257049683481
98120582872070
65891280979849
96930780820548
23100022971630
3608269803225
50697074993513
73553834971971
9045160934329
79408243484795
85032680025324
23355412972159
14821788086555
239244848489
25904007465578
78556890739128
73183426028117
62308931630104
63959620567038
71492556622251
13347169151529
93220432428643
63640916254371
82990148523822
19299941067583
74991447757929
7324183965101
72713400702923
89526701462455
62997594010084
15591752133332
57046139426529
60646247933618
74631658685393
59519846877083
30219106725417
11622824915684
83997756894677
55959630711004
90193791920319
19604485342279
67420230992138
41073838411830
34256024332717
18120439490303
64086902583949
17648180620744
7951547577977
16386058717034
47509139985777
13990315888077
55307604908011
57923649065196
87737363390624
15573031292296
59646795969456
48898045276291
82670658198185
80801716819405
13377829245291
53460278431884
92188507225364
33300902810879
43147187540307
44790632277727
55951200006529
98031110479496
39885574998334
29385358281433
75392220960929
11233264207839
7494185166433
26557977730408
7269356586039
32121951878070
45475350762717
79036566172726
40676500950939
43843074166215
54241622122935
83436375018209
58331465325318
40177521179430
78707471420057
67811107425950
30296573694795
1079058903269
93414831045083
8254308113828
37313432642258
1620325818657
93615064956247
16757746343500
9545806911773
8997673843987
13558919448405
37505898810923
16282978537492
87628206517547
82487934222444
38737915386445
20233385381288
68498250073753
40154122328385
35423616599291
78184135700576
9799189050681
98833274538628
34974564728327
4091099067591
48486575926654
31964433193206
5993089405819
47273646015673
7821141835302
61612583370879
73191977245733
59733256953768
70613715751096
65860040718689
17674504523165
10325256153009
57151513989083
76093014469370
96079973597079
90898847277276
84568851348012
92139005055651
7913539186120
81920157652348
72150375368073
86867535300552
61428601481020
93582263891585
20022596279159
36019470426253
2466337592341
98275424423627
27974541531875
35320929950103
6666898564435
93139829346910
84011760284192
87810649815946
5431815958581
16068957559764
10003311373293
52605836302973
77112958161160
27213257644325
16107969265431
92222245153971
6004192330874
80164886685088
69609709689393
69179319869726
52197338640689
35070599336177
17387524526566
66822913056239
8146173460409
26927057444117
20136269228532
29524882556870
14153502695262
82505847443826
73754581063985
12334829708561
3266257070936
78717256733216
45726531255058
99591965135186
65275070164352
25886978372000
89987229532562
70422152103856
84433367406018
74604326044209
87592348735779
99277963209897
28612945578061
25288457679562
15014701918698
41842296277172
93277848209254
93850162602029
87407984049059
16932920389808
51555815967731
82022050581872
38495945418253
65892142686061
50013611093163
92641575029119
71582634211517
73375307605601
22336048283614
48875433602370
26147973607294
25419949484057
98274247511290
99525805236771
62482227687723
8075352013111
94329286133870
53574699512682
64116703369654
57295333035290
95678082201629
36236657947301
24683346040546
72836039913818
11014544405043
19603893742896
38370424415916
69101565633900
28458494809456
38019015430472
51651408243924
65402431227266
96468675439246
90954944305121
30264562461525
77766718808561
38293754123151
63318766490556
47225509909912
82775485678575